GAP = 1, Contacting RES = 2

Antibody:	Regions:	Odd_Bits
1A14_1.pdb:	4:		1
1A2Y_1.pdb:	4:		2
1A3R_1.pdb:	1:		0
1AFV_1.pdb:	2:		0
1AFV_2.pdb:	2:		0
1AHW_1.pdb:	3:		3
1AHW_2.pdb:	3:		2
2FR4_2.pdb:	1:		0

Antibody:Regions:Odd_Bits
1A14_1.pdb:328 329 330 331 332,341 342 343 344,366 368 369 370 372,400 401 402 403:432
1A2Y_1.pdb:22 23 24,102 103,116 117 118 119 120 121,124 125:19,27
1A3R_1.pdb:156 157 158 159 160 161 162 163 164 165 166 167 168 169 170:
1AFV_1.pdb:72 74 75 76 77 78 79 81 82 83 85,100 101 102:
1AFV_2.pdb:72 74 75 76 77 78 79 81 82 83 85,100 101 102:
1AHW_1.pdb:152 154 156,165 166 167 168 169 170 171,190 192 194 196 197 198 200 201:149,178,204
1AHW_2.pdb:152 154 156,165 166 167 168 169 170 171,190 192 194 196 198 200 201:149,204
2FR4_2.pdb:7 9 10 11 13 14:


GAP = 2, Contacting RES = 2
Antibody:	Regions:	Odd_Bits
1A14_1.pdb:	4:		1
1A2Y_1.pdb:	3:		0
1A3R_1.pdb:	1:		0
1AFV_1.pdb:	2:		0
1AFV_2.pdb:	2:		0
1AHW_1.pdb:	3:		1
1AHW_2.pdb:	3:		0
2FR4_2.pdb:	1:		0

Antibody:Regions:Odd_Bits
1A14_1.pdb:328 329 330 331 332,341 342 343 344,366 368 369 370 372,400 401 402 403:432
1A2Y_1.pdb:19 22 23 24 27,102 103,116 117 118 119 120 121 124 125:
1A3R_1.pdb:156 157 158 159 160 161 162 163 164 165 166 167 168 169 170:
1AFV_1.pdb:72 74 75 76 77 78 79 81 82 83 85,100 101 102:
1AFV_2.pdb:72 74 75 76 77 78 79 81 82 83 85,100 101 102:
1AHW_1.pdb:149 152 154 156,165 166 167 168 169 170 171,190 192 194 196 197 198 200 201 204:178
1AHW_2.pdb:149 152 154 156,165 166 167 168 169 170 171,190 192 194 196 198 200 201 204:
2FR4_2.pdb:7 9 10 11 13 14:

GAP = 2, Contacting RES = 3

Antibody:	Regions:	Odd_Bits
1A14_1.pdb:	4:		1
1A2Y_1.pdb:	2:		1
1A3R_1.pdb:	1:		0
1AFV_1.pdb:	2:		0
1AFV_2.pdb:	2:		0
1AHW_1.pdb:	3:		1
1AHW_2.pdb:	3:		0
2FR4_2.pdb:	1:		0

Antibody:Regions:Odd_Bits
1A14_1.pdb:328 329 330 331 332,341 342 343 344,366 368 369 370 372,400 401 402 403:432
1A2Y_1.pdb:19 22 23 24 27,116 117 118 119 120 121 124 125:102 103
1A3R_1.pdb:156 157 158 159 160 161 162 163 164 165 166 167 168 169 170:
1AFV_1.pdb:72 74 75 76 77 78 79 81 82 83 85,100 101 102:
1AFV_2.pdb:72 74 75 76 77 78 79 81 82 83 85,100 101 102:
1AHW_1.pdb:149 152 154 156,165 166 167 168 169 170 171,190 192 194 196 197 198 200 201 204:178
1AHW_2.pdb:149 152 154 156,165 166 167 168 169 170 171,190 192 194 196 198 200 201 204:
2FR4_2.pdb:7 9 10 11 13 14:

GAP = 3, Contacting RES = 3

Antibody:	Regions:	Odd_Bits
1A14_1.pdb:	4:		1
1A2Y_1.pdb:	2:		1
1A3R_1.pdb:	1:		0
1AFV_1.pdb:	2:		0
1AFV_2.pdb:	2:		0
1AHW_1.pdb:	3:		1
1AHW_2.pdb:	3:		0
2FR4_2.pdb:	1:		0

Antibody:Regions:Odd_Bits
1A14_1.pdb:328 329 330 331 332,341 342 343 344,366 368 369 370 372,400 401 402 403:432
1A2Y_1.pdb:19 22 23 24 27,116 117 118 119 120 121 124 125:102 103
1A3R_1.pdb:156 157 158 159 160 161 162 163 164 165 166 167 168 169 170:
1AFV_1.pdb:72 74 75 76 77 78 79 81 82 83 85,100 101 102:
1AFV_2.pdb:72 74 75 76 77 78 79 81 82 83 85,100 101 102:
1AHW_1.pdb:149 152 154 156,165 166 167 168 169 170 171,190 192 194 196 197 198 200 201 204:178
1AHW_2.pdb:149 152 154 156,165 166 167 168 169 170 171,190 192 194 196 198 200 201 204:
2FR4_2.pdb:7 9 10 11 13 14:



GAP = 3, Contacting RES = 2

Antibody:	Regions:	Odd_Bits
1A14_1.pdb:	4:		1
1A2Y_1.pdb:	3:		0
1A3R_1.pdb:	1:		0
1AFV_1.pdb:	2:		0
1AFV_2.pdb:	2:		0
1AHW_1.pdb:	3:		1
1AHW_2.pdb:	3:		0
2FR4_2.pdb:	1:		0

Antibody:Regions:Odd_Bits
1A14_1.pdb:328 329 330 331 332,341 342 343 344,366 368 369 370 372,400 401 402 403:432
1A2Y_1.pdb:19 22 23 24 27,102 103,116 117 118 119 120 121 124 125:
1A3R_1.pdb:156 157 158 159 160 161 162 163 164 165 166 167 168 169 170:
1AFV_1.pdb:72 74 75 76 77 78 79 81 82 83 85,100 101 102:
1AFV_2.pdb:72 74 75 76 77 78 79 81 82 83 85,100 101 102:
1AHW_1.pdb:149 152 154 156,165 166 167 168 169 170 171,190 192 194 196 197 198 200 201 204:178
1AHW_2.pdb:149 152 154 156,165 166 167 168 169 170 171,190 192 194 196 198 200 201 204:
2FR4_2.pdb:7 9 10 11 13 14:


